Time: 0
Waiting clients: ( 0, 4, 1 ); ( 12, 4, 2 ); ( 30, 5, 5 ); ( 3, 6, 6 ); ( 34, 6, 5 ); ( 33, 7, 6 ); ( 1, 9, 7 ); ( 40, 9, 7 ); ( 19, 10, 5 ); ( 25, 10, 3 ); ( 10, 11, 1 ); ( 29, 11, 4 ); ( 8, 13, 1 ); ( 45, 13, 1 ); ( 22, 14, 7 ); ( 24, 16, 2 ); ( 32, 16, 2 ); ( 48, 16, 7 ); ( 9, 17, 7 ); ( 20, 18, 7 ); ( 5, 19, 3 ); ( 17, 20, 6 ); ( 16, 21, 2 ); ( 21, 22, 2 ); ( 42, 22, 5 ); ( 27, 23, 2 ); ( 31, 23, 7 ); ( 13, 24, 5 ); ( 14, 24, 6 ); ( 37, 24, 1 ); ( 47, 26, 3 ); ( 49, 26, 5 ); ( 7, 27, 5 ); ( 18, 27, 7 ); ( 28, 27, 2 ); ( 39, 28, 6 ); ( 41, 29, 5 ); ( 35, 31, 5 ); ( 44, 32, 2 ); ( 2, 34, 4 ); ( 11, 34, 3 ); ( 46, 34, 3 ); ( 15, 35, 2 ); ( 23, 36, 7 ); ( 38, 36, 3 ); ( 4, 37, 7 ); ( 6, 37, 5 ); ( 43, 38, 3 ); ( 36, 39, 7 ); ( 26, 40, 1 ); 
Queue 1 closed
Queue 2 closed
Queue 3 closed
Queue 4 closed
Queue 5 closed
Time: 1
Waiting clients: ( 0, 4, 1 ); ( 12, 4, 2 ); ( 30, 5, 5 ); ( 3, 6, 6 ); ( 34, 6, 5 ); ( 33, 7, 6 ); ( 1, 9, 7 ); ( 40, 9, 7 ); ( 19, 10, 5 ); ( 25, 10, 3 ); ( 10, 11, 1 ); ( 29, 11, 4 ); ( 8, 13, 1 ); ( 45, 13, 1 ); ( 22, 14, 7 ); ( 24, 16, 2 ); ( 32, 16, 2 ); ( 48, 16, 7 ); ( 9, 17, 7 ); ( 20, 18, 7 ); ( 5, 19, 3 ); ( 17, 20, 6 ); ( 16, 21, 2 ); ( 21, 22, 2 ); ( 42, 22, 5 ); ( 27, 23, 2 ); ( 31, 23, 7 ); ( 13, 24, 5 ); ( 14, 24, 6 ); ( 37, 24, 1 ); ( 47, 26, 3 ); ( 49, 26, 5 ); ( 7, 27, 5 ); ( 18, 27, 7 ); ( 28, 27, 2 ); ( 39, 28, 6 ); ( 41, 29, 5 ); ( 35, 31, 5 ); ( 44, 32, 2 ); ( 2, 34, 4 ); ( 11, 34, 3 ); ( 46, 34, 3 ); ( 15, 35, 2 ); ( 23, 36, 7 ); ( 38, 36, 3 ); ( 4, 37, 7 ); ( 6, 37, 5 ); ( 43, 38, 3 ); ( 36, 39, 7 ); ( 26, 40, 1 ); 
Queue 1 closed
Queue 2 closed
Queue 3 closed
Queue 4 closed
Queue 5 closed
Time: 2
Waiting clients: ( 0, 4, 1 ); ( 12, 4, 2 ); ( 30, 5, 5 ); ( 3, 6, 6 ); ( 34, 6, 5 ); ( 33, 7, 6 ); ( 1, 9, 7 ); ( 40, 9, 7 ); ( 19, 10, 5 ); ( 25, 10, 3 ); ( 10, 11, 1 ); ( 29, 11, 4 ); ( 8, 13, 1 ); ( 45, 13, 1 ); ( 22, 14, 7 ); ( 24, 16, 2 ); ( 32, 16, 2 ); ( 48, 16, 7 ); ( 9, 17, 7 ); ( 20, 18, 7 ); ( 5, 19, 3 ); ( 17, 20, 6 ); ( 16, 21, 2 ); ( 21, 22, 2 ); ( 42, 22, 5 ); ( 27, 23, 2 ); ( 31, 23, 7 ); ( 13, 24, 5 ); ( 14, 24, 6 ); ( 37, 24, 1 ); ( 47, 26, 3 ); ( 49, 26, 5 ); ( 7, 27, 5 ); ( 18, 27, 7 ); ( 28, 27, 2 ); ( 39, 28, 6 ); ( 41, 29, 5 ); ( 35, 31, 5 ); ( 44, 32, 2 ); ( 2, 34, 4 ); ( 11, 34, 3 ); ( 46, 34, 3 ); ( 15, 35, 2 ); ( 23, 36, 7 ); ( 38, 36, 3 ); ( 4, 37, 7 ); ( 6, 37, 5 ); ( 43, 38, 3 ); ( 36, 39, 7 ); ( 26, 40, 1 ); 
Queue 1 closed
Queue 2 closed
Queue 3 closed
Queue 4 closed
Queue 5 closed
Time: 3
Waiting clients: ( 0, 4, 1 ); ( 12, 4, 2 ); ( 30, 5, 5 ); ( 3, 6, 6 ); ( 34, 6, 5 ); ( 33, 7, 6 ); ( 1, 9, 7 ); ( 40, 9, 7 ); ( 19, 10, 5 ); ( 25, 10, 3 ); ( 10, 11, 1 ); ( 29, 11, 4 ); ( 8, 13, 1 ); ( 45, 13, 1 ); ( 22, 14, 7 ); ( 24, 16, 2 ); ( 32, 16, 2 ); ( 48, 16, 7 ); ( 9, 17, 7 ); ( 20, 18, 7 ); ( 5, 19, 3 ); ( 17, 20, 6 ); ( 16, 21, 2 ); ( 21, 22, 2 ); ( 42, 22, 5 ); ( 27, 23, 2 ); ( 31, 23, 7 ); ( 13, 24, 5 ); ( 14, 24, 6 ); ( 37, 24, 1 ); ( 47, 26, 3 ); ( 49, 26, 5 ); ( 7, 27, 5 ); ( 18, 27, 7 ); ( 28, 27, 2 ); ( 39, 28, 6 ); ( 41, 29, 5 ); ( 35, 31, 5 ); ( 44, 32, 2 ); ( 2, 34, 4 ); ( 11, 34, 3 ); ( 46, 34, 3 ); ( 15, 35, 2 ); ( 23, 36, 7 ); ( 38, 36, 3 ); ( 4, 37, 7 ); ( 6, 37, 5 ); ( 43, 38, 3 ); ( 36, 39, 7 ); ( 26, 40, 1 ); 
Queue 1 closed
Queue 2 closed
Queue 3 closed
Queue 4 closed
Queue 5 closed
Time: 4
Waiting clients: ( 30, 5, 5 ); ( 3, 6, 6 ); ( 34, 6, 5 ); ( 33, 7, 6 ); ( 1, 9, 7 ); ( 40, 9, 7 ); ( 19, 10, 5 ); ( 25, 10, 3 ); ( 10, 11, 1 ); ( 29, 11, 4 ); ( 8, 13, 1 ); ( 45, 13, 1 ); ( 22, 14, 7 ); ( 24, 16, 2 ); ( 32, 16, 2 ); ( 48, 16, 7 ); ( 9, 17, 7 ); ( 20, 18, 7 ); ( 5, 19, 3 ); ( 17, 20, 6 ); ( 16, 21, 2 ); ( 21, 22, 2 ); ( 42, 22, 5 ); ( 27, 23, 2 ); ( 31, 23, 7 ); ( 13, 24, 5 ); ( 14, 24, 6 ); ( 37, 24, 1 ); ( 47, 26, 3 ); ( 49, 26, 5 ); ( 7, 27, 5 ); ( 18, 27, 7 ); ( 28, 27, 2 ); ( 39, 28, 6 ); ( 41, 29, 5 ); ( 35, 31, 5 ); ( 44, 32, 2 ); ( 2, 34, 4 ); ( 11, 34, 3 ); ( 46, 34, 3 ); ( 15, 35, 2 ); ( 23, 36, 7 ); ( 38, 36, 3 ); ( 4, 37, 7 ); ( 6, 37, 5 ); ( 43, 38, 3 ); ( 36, 39, 7 ); ( 26, 40, 1 ); 
Queue 1  (0, 4, 1);
Queue 2  (12, 4, 2);
Queue 3 closed
Queue 4 closed
Queue 5 closed
Time: 5
Waiting clients: ( 3, 6, 6 ); ( 34, 6, 5 ); ( 33, 7, 6 ); ( 1, 9, 7 ); ( 40, 9, 7 ); ( 19, 10, 5 ); ( 25, 10, 3 ); ( 10, 11, 1 ); ( 29, 11, 4 ); ( 8, 13, 1 ); ( 45, 13, 1 ); ( 22, 14, 7 ); ( 24, 16, 2 ); ( 32, 16, 2 ); ( 48, 16, 7 ); ( 9, 17, 7 ); ( 20, 18, 7 ); ( 5, 19, 3 ); ( 17, 20, 6 ); ( 16, 21, 2 ); ( 21, 22, 2 ); ( 42, 22, 5 ); ( 27, 23, 2 ); ( 31, 23, 7 ); ( 13, 24, 5 ); ( 14, 24, 6 ); ( 37, 24, 1 ); ( 47, 26, 3 ); ( 49, 26, 5 ); ( 7, 27, 5 ); ( 18, 27, 7 ); ( 28, 27, 2 ); ( 39, 28, 6 ); ( 41, 29, 5 ); ( 35, 31, 5 ); ( 44, 32, 2 ); ( 2, 34, 4 ); ( 11, 34, 3 ); ( 46, 34, 3 ); ( 15, 35, 2 ); ( 23, 36, 7 ); ( 38, 36, 3 ); ( 4, 37, 7 ); ( 6, 37, 5 ); ( 43, 38, 3 ); ( 36, 39, 7 ); ( 26, 40, 1 ); 
Queue 1  (30, 5, 5);
Queue 2  (12, 4, 1);
Queue 3 closed
Queue 4 closed
Queue 5 closed
Time: 6
Waiting clients: ( 33, 7, 6 ); ( 1, 9, 7 ); ( 40, 9, 7 ); ( 19, 10, 5 ); ( 25, 10, 3 ); ( 10, 11, 1 ); ( 29, 11, 4 ); ( 8, 13, 1 ); ( 45, 13, 1 ); ( 22, 14, 7 ); ( 24, 16, 2 ); ( 32, 16, 2 ); ( 48, 16, 7 ); ( 9, 17, 7 ); ( 20, 18, 7 ); ( 5, 19, 3 ); ( 17, 20, 6 ); ( 16, 21, 2 ); ( 21, 22, 2 ); ( 42, 22, 5 ); ( 27, 23, 2 ); ( 31, 23, 7 ); ( 13, 24, 5 ); ( 14, 24, 6 ); ( 37, 24, 1 ); ( 47, 26, 3 ); ( 49, 26, 5 ); ( 7, 27, 5 ); ( 18, 27, 7 ); ( 28, 27, 2 ); ( 39, 28, 6 ); ( 41, 29, 5 ); ( 35, 31, 5 ); ( 44, 32, 2 ); ( 2, 34, 4 ); ( 11, 34, 3 ); ( 46, 34, 3 ); ( 15, 35, 2 ); ( 23, 36, 7 ); ( 38, 36, 3 ); ( 4, 37, 7 ); ( 6, 37, 5 ); ( 43, 38, 3 ); ( 36, 39, 7 ); ( 26, 40, 1 ); 
Queue 1  (30, 5, 4);
Queue 2  (3, 6, 6);
Queue 3  (34, 6, 5);
Queue 4 closed
Queue 5 closed
Time: 7
Waiting clients: ( 1, 9, 7 ); ( 40, 9, 7 ); ( 19, 10, 5 ); ( 25, 10, 3 ); ( 10, 11, 1 ); ( 29, 11, 4 ); ( 8, 13, 1 ); ( 45, 13, 1 ); ( 22, 14, 7 ); ( 24, 16, 2 ); ( 32, 16, 2 ); ( 48, 16, 7 ); ( 9, 17, 7 ); ( 20, 18, 7 ); ( 5, 19, 3 ); ( 17, 20, 6 ); ( 16, 21, 2 ); ( 21, 22, 2 ); ( 42, 22, 5 ); ( 27, 23, 2 ); ( 31, 23, 7 ); ( 13, 24, 5 ); ( 14, 24, 6 ); ( 37, 24, 1 ); ( 47, 26, 3 ); ( 49, 26, 5 ); ( 7, 27, 5 ); ( 18, 27, 7 ); ( 28, 27, 2 ); ( 39, 28, 6 ); ( 41, 29, 5 ); ( 35, 31, 5 ); ( 44, 32, 2 ); ( 2, 34, 4 ); ( 11, 34, 3 ); ( 46, 34, 3 ); ( 15, 35, 2 ); ( 23, 36, 7 ); ( 38, 36, 3 ); ( 4, 37, 7 ); ( 6, 37, 5 ); ( 43, 38, 3 ); ( 36, 39, 7 ); ( 26, 40, 1 ); 
Queue 1  (30, 5, 3);
Queue 2  (3, 6, 5);
Queue 3  (34, 6, 4);
Queue 4  (33, 7, 6);
Queue 5 closed
Time: 8
Waiting clients: ( 1, 9, 7 ); ( 40, 9, 7 ); ( 19, 10, 5 ); ( 25, 10, 3 ); ( 10, 11, 1 ); ( 29, 11, 4 ); ( 8, 13, 1 ); ( 45, 13, 1 ); ( 22, 14, 7 ); ( 24, 16, 2 ); ( 32, 16, 2 ); ( 48, 16, 7 ); ( 9, 17, 7 ); ( 20, 18, 7 ); ( 5, 19, 3 ); ( 17, 20, 6 ); ( 16, 21, 2 ); ( 21, 22, 2 ); ( 42, 22, 5 ); ( 27, 23, 2 ); ( 31, 23, 7 ); ( 13, 24, 5 ); ( 14, 24, 6 ); ( 37, 24, 1 ); ( 47, 26, 3 ); ( 49, 26, 5 ); ( 7, 27, 5 ); ( 18, 27, 7 ); ( 28, 27, 2 ); ( 39, 28, 6 ); ( 41, 29, 5 ); ( 35, 31, 5 ); ( 44, 32, 2 ); ( 2, 34, 4 ); ( 11, 34, 3 ); ( 46, 34, 3 ); ( 15, 35, 2 ); ( 23, 36, 7 ); ( 38, 36, 3 ); ( 4, 37, 7 ); ( 6, 37, 5 ); ( 43, 38, 3 ); ( 36, 39, 7 ); ( 26, 40, 1 ); 
Queue 1  (30, 5, 2);
Queue 2  (3, 6, 4);
Queue 3  (34, 6, 3);
Queue 4  (33, 7, 5);
Queue 5 closed
Time: 9
Waiting clients: ( 19, 10, 5 ); ( 25, 10, 3 ); ( 10, 11, 1 ); ( 29, 11, 4 ); ( 8, 13, 1 ); ( 45, 13, 1 ); ( 22, 14, 7 ); ( 24, 16, 2 ); ( 32, 16, 2 ); ( 48, 16, 7 ); ( 9, 17, 7 ); ( 20, 18, 7 ); ( 5, 19, 3 ); ( 17, 20, 6 ); ( 16, 21, 2 ); ( 21, 22, 2 ); ( 42, 22, 5 ); ( 27, 23, 2 ); ( 31, 23, 7 ); ( 13, 24, 5 ); ( 14, 24, 6 ); ( 37, 24, 1 ); ( 47, 26, 3 ); ( 49, 26, 5 ); ( 7, 27, 5 ); ( 18, 27, 7 ); ( 28, 27, 2 ); ( 39, 28, 6 ); ( 41, 29, 5 ); ( 35, 31, 5 ); ( 44, 32, 2 ); ( 2, 34, 4 ); ( 11, 34, 3 ); ( 46, 34, 3 ); ( 15, 35, 2 ); ( 23, 36, 7 ); ( 38, 36, 3 ); ( 4, 37, 7 ); ( 6, 37, 5 ); ( 43, 38, 3 ); ( 36, 39, 7 ); ( 26, 40, 1 ); 
Queue 1  (30, 5, 1);
Queue 2  (3, 6, 3);
Queue 3  (34, 6, 2);
Queue 4  (33, 7, 4);
Queue 5  (1, 9, 7);(40, 9, 7);
Time: 10
Waiting clients: ( 10, 11, 1 ); ( 29, 11, 4 ); ( 8, 13, 1 ); ( 45, 13, 1 ); ( 22, 14, 7 ); ( 24, 16, 2 ); ( 32, 16, 2 ); ( 48, 16, 7 ); ( 9, 17, 7 ); ( 20, 18, 7 ); ( 5, 19, 3 ); ( 17, 20, 6 ); ( 16, 21, 2 ); ( 21, 22, 2 ); ( 42, 22, 5 ); ( 27, 23, 2 ); ( 31, 23, 7 ); ( 13, 24, 5 ); ( 14, 24, 6 ); ( 37, 24, 1 ); ( 47, 26, 3 ); ( 49, 26, 5 ); ( 7, 27, 5 ); ( 18, 27, 7 ); ( 28, 27, 2 ); ( 39, 28, 6 ); ( 41, 29, 5 ); ( 35, 31, 5 ); ( 44, 32, 2 ); ( 2, 34, 4 ); ( 11, 34, 3 ); ( 46, 34, 3 ); ( 15, 35, 2 ); ( 23, 36, 7 ); ( 38, 36, 3 ); ( 4, 37, 7 ); ( 6, 37, 5 ); ( 43, 38, 3 ); ( 36, 39, 7 ); ( 26, 40, 1 ); 
Queue 1  (19, 10, 5);
Queue 2  (3, 6, 2);
Queue 3  (34, 6, 1);
Queue 4  (33, 7, 3);(25, 10, 3);
Queue 5  (1, 9, 6);(40, 9, 7);
Time: 11
Waiting clients: ( 8, 13, 1 ); ( 45, 13, 1 ); ( 22, 14, 7 ); ( 24, 16, 2 ); ( 32, 16, 2 ); ( 48, 16, 7 ); ( 9, 17, 7 ); ( 20, 18, 7 ); ( 5, 19, 3 ); ( 17, 20, 6 ); ( 16, 21, 2 ); ( 21, 22, 2 ); ( 42, 22, 5 ); ( 27, 23, 2 ); ( 31, 23, 7 ); ( 13, 24, 5 ); ( 14, 24, 6 ); ( 37, 24, 1 ); ( 47, 26, 3 ); ( 49, 26, 5 ); ( 7, 27, 5 ); ( 18, 27, 7 ); ( 28, 27, 2 ); ( 39, 28, 6 ); ( 41, 29, 5 ); ( 35, 31, 5 ); ( 44, 32, 2 ); ( 2, 34, 4 ); ( 11, 34, 3 ); ( 46, 34, 3 ); ( 15, 35, 2 ); ( 23, 36, 7 ); ( 38, 36, 3 ); ( 4, 37, 7 ); ( 6, 37, 5 ); ( 43, 38, 3 ); ( 36, 39, 7 ); ( 26, 40, 1 ); 
Queue 1  (19, 10, 4);
Queue 2  (3, 6, 1);
Queue 3  (10, 11, 1);(29, 11, 4);
Queue 4  (33, 7, 2);(25, 10, 3);
Queue 5  (1, 9, 5);(40, 9, 7);
Time: 12
Waiting clients: ( 8, 13, 1 ); ( 45, 13, 1 ); ( 22, 14, 7 ); ( 24, 16, 2 ); ( 32, 16, 2 ); ( 48, 16, 7 ); ( 9, 17, 7 ); ( 20, 18, 7 ); ( 5, 19, 3 ); ( 17, 20, 6 ); ( 16, 21, 2 ); ( 21, 22, 2 ); ( 42, 22, 5 ); ( 27, 23, 2 ); ( 31, 23, 7 ); ( 13, 24, 5 ); ( 14, 24, 6 ); ( 37, 24, 1 ); ( 47, 26, 3 ); ( 49, 26, 5 ); ( 7, 27, 5 ); ( 18, 27, 7 ); ( 28, 27, 2 ); ( 39, 28, 6 ); ( 41, 29, 5 ); ( 35, 31, 5 ); ( 44, 32, 2 ); ( 2, 34, 4 ); ( 11, 34, 3 ); ( 46, 34, 3 ); ( 15, 35, 2 ); ( 23, 36, 7 ); ( 38, 36, 3 ); ( 4, 37, 7 ); ( 6, 37, 5 ); ( 43, 38, 3 ); ( 36, 39, 7 ); ( 26, 40, 1 ); 
Queue 1  (19, 10, 3);
Queue 2 closed
Queue 3  (29, 11, 4);
Queue 4  (33, 7, 1);(25, 10, 3);
Queue 5  (1, 9, 4);(40, 9, 7);
Time: 13
Waiting clients: ( 22, 14, 7 ); ( 24, 16, 2 ); ( 32, 16, 2 ); ( 48, 16, 7 ); ( 9, 17, 7 ); ( 20, 18, 7 ); ( 5, 19, 3 ); ( 17, 20, 6 ); ( 16, 21, 2 ); ( 21, 22, 2 ); ( 42, 22, 5 ); ( 27, 23, 2 ); ( 31, 23, 7 ); ( 13, 24, 5 ); ( 14, 24, 6 ); ( 37, 24, 1 ); ( 47, 26, 3 ); ( 49, 26, 5 ); ( 7, 27, 5 ); ( 18, 27, 7 ); ( 28, 27, 2 ); ( 39, 28, 6 ); ( 41, 29, 5 ); ( 35, 31, 5 ); ( 44, 32, 2 ); ( 2, 34, 4 ); ( 11, 34, 3 ); ( 46, 34, 3 ); ( 15, 35, 2 ); ( 23, 36, 7 ); ( 38, 36, 3 ); ( 4, 37, 7 ); ( 6, 37, 5 ); ( 43, 38, 3 ); ( 36, 39, 7 ); ( 26, 40, 1 ); 
Queue 1  (19, 10, 2);
Queue 2  (8, 13, 1);
Queue 3  (29, 11, 3);
Queue 4  (25, 10, 3);(45, 13, 1);
Queue 5  (1, 9, 3);(40, 9, 7);
Time: 14
Waiting clients: ( 24, 16, 2 ); ( 32, 16, 2 ); ( 48, 16, 7 ); ( 9, 17, 7 ); ( 20, 18, 7 ); ( 5, 19, 3 ); ( 17, 20, 6 ); ( 16, 21, 2 ); ( 21, 22, 2 ); ( 42, 22, 5 ); ( 27, 23, 2 ); ( 31, 23, 7 ); ( 13, 24, 5 ); ( 14, 24, 6 ); ( 37, 24, 1 ); ( 47, 26, 3 ); ( 49, 26, 5 ); ( 7, 27, 5 ); ( 18, 27, 7 ); ( 28, 27, 2 ); ( 39, 28, 6 ); ( 41, 29, 5 ); ( 35, 31, 5 ); ( 44, 32, 2 ); ( 2, 34, 4 ); ( 11, 34, 3 ); ( 46, 34, 3 ); ( 15, 35, 2 ); ( 23, 36, 7 ); ( 38, 36, 3 ); ( 4, 37, 7 ); ( 6, 37, 5 ); ( 43, 38, 3 ); ( 36, 39, 7 ); ( 26, 40, 1 ); 
Queue 1  (19, 10, 1);
Queue 2  (22, 14, 7);
Queue 3  (29, 11, 2);
Queue 4  (25, 10, 2);(45, 13, 1);
Queue 5  (1, 9, 2);(40, 9, 7);
Time: 15
Waiting clients: ( 24, 16, 2 ); ( 32, 16, 2 ); ( 48, 16, 7 ); ( 9, 17, 7 ); ( 20, 18, 7 ); ( 5, 19, 3 ); ( 17, 20, 6 ); ( 16, 21, 2 ); ( 21, 22, 2 ); ( 42, 22, 5 ); ( 27, 23, 2 ); ( 31, 23, 7 ); ( 13, 24, 5 ); ( 14, 24, 6 ); ( 37, 24, 1 ); ( 47, 26, 3 ); ( 49, 26, 5 ); ( 7, 27, 5 ); ( 18, 27, 7 ); ( 28, 27, 2 ); ( 39, 28, 6 ); ( 41, 29, 5 ); ( 35, 31, 5 ); ( 44, 32, 2 ); ( 2, 34, 4 ); ( 11, 34, 3 ); ( 46, 34, 3 ); ( 15, 35, 2 ); ( 23, 36, 7 ); ( 38, 36, 3 ); ( 4, 37, 7 ); ( 6, 37, 5 ); ( 43, 38, 3 ); ( 36, 39, 7 ); ( 26, 40, 1 ); 
Queue 1 closed
Queue 2  (22, 14, 6);
Queue 3  (29, 11, 1);
Queue 4  (25, 10, 1);(45, 13, 1);
Queue 5  (1, 9, 1);(40, 9, 7);
Time: 16
Waiting clients: ( 9, 17, 7 ); ( 20, 18, 7 ); ( 5, 19, 3 ); ( 17, 20, 6 ); ( 16, 21, 2 ); ( 21, 22, 2 ); ( 42, 22, 5 ); ( 27, 23, 2 ); ( 31, 23, 7 ); ( 13, 24, 5 ); ( 14, 24, 6 ); ( 37, 24, 1 ); ( 47, 26, 3 ); ( 49, 26, 5 ); ( 7, 27, 5 ); ( 18, 27, 7 ); ( 28, 27, 2 ); ( 39, 28, 6 ); ( 41, 29, 5 ); ( 35, 31, 5 ); ( 44, 32, 2 ); ( 2, 34, 4 ); ( 11, 34, 3 ); ( 46, 34, 3 ); ( 15, 35, 2 ); ( 23, 36, 7 ); ( 38, 36, 3 ); ( 4, 37, 7 ); ( 6, 37, 5 ); ( 43, 38, 3 ); ( 36, 39, 7 ); ( 26, 40, 1 ); 
Queue 1  (24, 16, 2);
Queue 2  (22, 14, 5);
Queue 3  (32, 16, 2);
Queue 4  (45, 13, 1);
Queue 5  (40, 9, 7);(48, 16, 7);
Time: 17
Waiting clients: ( 20, 18, 7 ); ( 5, 19, 3 ); ( 17, 20, 6 ); ( 16, 21, 2 ); ( 21, 22, 2 ); ( 42, 22, 5 ); ( 27, 23, 2 ); ( 31, 23, 7 ); ( 13, 24, 5 ); ( 14, 24, 6 ); ( 37, 24, 1 ); ( 47, 26, 3 ); ( 49, 26, 5 ); ( 7, 27, 5 ); ( 18, 27, 7 ); ( 28, 27, 2 ); ( 39, 28, 6 ); ( 41, 29, 5 ); ( 35, 31, 5 ); ( 44, 32, 2 ); ( 2, 34, 4 ); ( 11, 34, 3 ); ( 46, 34, 3 ); ( 15, 35, 2 ); ( 23, 36, 7 ); ( 38, 36, 3 ); ( 4, 37, 7 ); ( 6, 37, 5 ); ( 43, 38, 3 ); ( 36, 39, 7 ); ( 26, 40, 1 ); 
Queue 1  (24, 16, 1);
Queue 2  (22, 14, 4);
Queue 3  (32, 16, 1);
Queue 4  (9, 17, 7);
Queue 5  (40, 9, 6);(48, 16, 7);
Time: 18
Waiting clients: ( 5, 19, 3 ); ( 17, 20, 6 ); ( 16, 21, 2 ); ( 21, 22, 2 ); ( 42, 22, 5 ); ( 27, 23, 2 ); ( 31, 23, 7 ); ( 13, 24, 5 ); ( 14, 24, 6 ); ( 37, 24, 1 ); ( 47, 26, 3 ); ( 49, 26, 5 ); ( 7, 27, 5 ); ( 18, 27, 7 ); ( 28, 27, 2 ); ( 39, 28, 6 ); ( 41, 29, 5 ); ( 35, 31, 5 ); ( 44, 32, 2 ); ( 2, 34, 4 ); ( 11, 34, 3 ); ( 46, 34, 3 ); ( 15, 35, 2 ); ( 23, 36, 7 ); ( 38, 36, 3 ); ( 4, 37, 7 ); ( 6, 37, 5 ); ( 43, 38, 3 ); ( 36, 39, 7 ); ( 26, 40, 1 ); 
Queue 1  (20, 18, 7);
Queue 2  (22, 14, 3);
Queue 3 closed
Queue 4  (9, 17, 6);
Queue 5  (40, 9, 5);(48, 16, 7);
Time: 19
Waiting clients: ( 17, 20, 6 ); ( 16, 21, 2 ); ( 21, 22, 2 ); ( 42, 22, 5 ); ( 27, 23, 2 ); ( 31, 23, 7 ); ( 13, 24, 5 ); ( 14, 24, 6 ); ( 37, 24, 1 ); ( 47, 26, 3 ); ( 49, 26, 5 ); ( 7, 27, 5 ); ( 18, 27, 7 ); ( 28, 27, 2 ); ( 39, 28, 6 ); ( 41, 29, 5 ); ( 35, 31, 5 ); ( 44, 32, 2 ); ( 2, 34, 4 ); ( 11, 34, 3 ); ( 46, 34, 3 ); ( 15, 35, 2 ); ( 23, 36, 7 ); ( 38, 36, 3 ); ( 4, 37, 7 ); ( 6, 37, 5 ); ( 43, 38, 3 ); ( 36, 39, 7 ); ( 26, 40, 1 ); 
Queue 1  (20, 18, 6);
Queue 2  (22, 14, 2);
Queue 3  (5, 19, 3);
Queue 4  (9, 17, 5);
Queue 5  (40, 9, 4);(48, 16, 7);
Time: 20
Waiting clients: ( 16, 21, 2 ); ( 21, 22, 2 ); ( 42, 22, 5 ); ( 27, 23, 2 ); ( 31, 23, 7 ); ( 13, 24, 5 ); ( 14, 24, 6 ); ( 37, 24, 1 ); ( 47, 26, 3 ); ( 49, 26, 5 ); ( 7, 27, 5 ); ( 18, 27, 7 ); ( 28, 27, 2 ); ( 39, 28, 6 ); ( 41, 29, 5 ); ( 35, 31, 5 ); ( 44, 32, 2 ); ( 2, 34, 4 ); ( 11, 34, 3 ); ( 46, 34, 3 ); ( 15, 35, 2 ); ( 23, 36, 7 ); ( 38, 36, 3 ); ( 4, 37, 7 ); ( 6, 37, 5 ); ( 43, 38, 3 ); ( 36, 39, 7 ); ( 26, 40, 1 ); 
Queue 1  (20, 18, 5);
Queue 2  (22, 14, 1);
Queue 3  (5, 19, 2);
Queue 4  (9, 17, 4);(17, 20, 6);
Queue 5  (40, 9, 3);(48, 16, 7);
Time: 21
Waiting clients: ( 21, 22, 2 ); ( 42, 22, 5 ); ( 27, 23, 2 ); ( 31, 23, 7 ); ( 13, 24, 5 ); ( 14, 24, 6 ); ( 37, 24, 1 ); ( 47, 26, 3 ); ( 49, 26, 5 ); ( 7, 27, 5 ); ( 18, 27, 7 ); ( 28, 27, 2 ); ( 39, 28, 6 ); ( 41, 29, 5 ); ( 35, 31, 5 ); ( 44, 32, 2 ); ( 2, 34, 4 ); ( 11, 34, 3 ); ( 46, 34, 3 ); ( 15, 35, 2 ); ( 23, 36, 7 ); ( 38, 36, 3 ); ( 4, 37, 7 ); ( 6, 37, 5 ); ( 43, 38, 3 ); ( 36, 39, 7 ); ( 26, 40, 1 ); 
Queue 1  (20, 18, 4);
Queue 2  (16, 21, 2);
Queue 3  (5, 19, 1);
Queue 4  (9, 17, 3);(17, 20, 6);
Queue 5  (40, 9, 2);(48, 16, 7);
Time: 22
Waiting clients: ( 27, 23, 2 ); ( 31, 23, 7 ); ( 13, 24, 5 ); ( 14, 24, 6 ); ( 37, 24, 1 ); ( 47, 26, 3 ); ( 49, 26, 5 ); ( 7, 27, 5 ); ( 18, 27, 7 ); ( 28, 27, 2 ); ( 39, 28, 6 ); ( 41, 29, 5 ); ( 35, 31, 5 ); ( 44, 32, 2 ); ( 2, 34, 4 ); ( 11, 34, 3 ); ( 46, 34, 3 ); ( 15, 35, 2 ); ( 23, 36, 7 ); ( 38, 36, 3 ); ( 4, 37, 7 ); ( 6, 37, 5 ); ( 43, 38, 3 ); ( 36, 39, 7 ); ( 26, 40, 1 ); 
Queue 1  (20, 18, 3);
Queue 2  (16, 21, 1);
Queue 3  (21, 22, 2);(42, 22, 5);
Queue 4  (9, 17, 2);(17, 20, 6);
Queue 5  (40, 9, 1);(48, 16, 7);
Time: 23
Waiting clients: ( 13, 24, 5 ); ( 14, 24, 6 ); ( 37, 24, 1 ); ( 47, 26, 3 ); ( 49, 26, 5 ); ( 7, 27, 5 ); ( 18, 27, 7 ); ( 28, 27, 2 ); ( 39, 28, 6 ); ( 41, 29, 5 ); ( 35, 31, 5 ); ( 44, 32, 2 ); ( 2, 34, 4 ); ( 11, 34, 3 ); ( 46, 34, 3 ); ( 15, 35, 2 ); ( 23, 36, 7 ); ( 38, 36, 3 ); ( 4, 37, 7 ); ( 6, 37, 5 ); ( 43, 38, 3 ); ( 36, 39, 7 ); ( 26, 40, 1 ); 
Queue 1  (20, 18, 2);
Queue 2  (27, 23, 2);
Queue 3  (21, 22, 1);(42, 22, 5);
Queue 4  (9, 17, 1);(17, 20, 6);
Queue 5  (48, 16, 7);(31, 23, 7);
Time: 24
Waiting clients: ( 47, 26, 3 ); ( 49, 26, 5 ); ( 7, 27, 5 ); ( 18, 27, 7 ); ( 28, 27, 2 ); ( 39, 28, 6 ); ( 41, 29, 5 ); ( 35, 31, 5 ); ( 44, 32, 2 ); ( 2, 34, 4 ); ( 11, 34, 3 ); ( 46, 34, 3 ); ( 15, 35, 2 ); ( 23, 36, 7 ); ( 38, 36, 3 ); ( 4, 37, 7 ); ( 6, 37, 5 ); ( 43, 38, 3 ); ( 36, 39, 7 ); ( 26, 40, 1 ); 
Queue 1  (20, 18, 1);
Queue 2  (27, 23, 1);(37, 24, 1);
Queue 3  (42, 22, 5);(14, 24, 6);
Queue 4  (17, 20, 6);(13, 24, 5);
Queue 5  (48, 16, 6);(31, 23, 7);
Time: 25
Waiting clients: ( 47, 26, 3 ); ( 49, 26, 5 ); ( 7, 27, 5 ); ( 18, 27, 7 ); ( 28, 27, 2 ); ( 39, 28, 6 ); ( 41, 29, 5 ); ( 35, 31, 5 ); ( 44, 32, 2 ); ( 2, 34, 4 ); ( 11, 34, 3 ); ( 46, 34, 3 ); ( 15, 35, 2 ); ( 23, 36, 7 ); ( 38, 36, 3 ); ( 4, 37, 7 ); ( 6, 37, 5 ); ( 43, 38, 3 ); ( 36, 39, 7 ); ( 26, 40, 1 ); 
Queue 1 closed
Queue 2  (37, 24, 1);
Queue 3  (42, 22, 4);(14, 24, 6);
Queue 4  (17, 20, 5);(13, 24, 5);
Queue 5  (48, 16, 5);(31, 23, 7);
Time: 26
Waiting clients: ( 7, 27, 5 ); ( 18, 27, 7 ); ( 28, 27, 2 ); ( 39, 28, 6 ); ( 41, 29, 5 ); ( 35, 31, 5 ); ( 44, 32, 2 ); ( 2, 34, 4 ); ( 11, 34, 3 ); ( 46, 34, 3 ); ( 15, 35, 2 ); ( 23, 36, 7 ); ( 38, 36, 3 ); ( 4, 37, 7 ); ( 6, 37, 5 ); ( 43, 38, 3 ); ( 36, 39, 7 ); ( 26, 40, 1 ); 
Queue 1  (47, 26, 3);
Queue 2  (49, 26, 5);
Queue 3  (42, 22, 3);(14, 24, 6);
Queue 4  (17, 20, 4);(13, 24, 5);
Queue 5  (48, 16, 4);(31, 23, 7);
Time: 27
Waiting clients: ( 39, 28, 6 ); ( 41, 29, 5 ); ( 35, 31, 5 ); ( 44, 32, 2 ); ( 2, 34, 4 ); ( 11, 34, 3 ); ( 46, 34, 3 ); ( 15, 35, 2 ); ( 23, 36, 7 ); ( 38, 36, 3 ); ( 4, 37, 7 ); ( 6, 37, 5 ); ( 43, 38, 3 ); ( 36, 39, 7 ); ( 26, 40, 1 ); 
Queue 1  (47, 26, 2);(18, 27, 7);
Queue 2  (49, 26, 4);(7, 27, 5);
Queue 3  (42, 22, 2);(14, 24, 6);
Queue 4  (17, 20, 3);(13, 24, 5);
Queue 5  (48, 16, 3);(31, 23, 7);(28, 27, 2);
Time: 28
Waiting clients: ( 41, 29, 5 ); ( 35, 31, 5 ); ( 44, 32, 2 ); ( 2, 34, 4 ); ( 11, 34, 3 ); ( 46, 34, 3 ); ( 15, 35, 2 ); ( 23, 36, 7 ); ( 38, 36, 3 ); ( 4, 37, 7 ); ( 6, 37, 5 ); ( 43, 38, 3 ); ( 36, 39, 7 ); ( 26, 40, 1 ); 
Queue 1  (47, 26, 1);(18, 27, 7);
Queue 2  (49, 26, 3);(7, 27, 5);
Queue 3  (42, 22, 1);(14, 24, 6);
Queue 4  (17, 20, 2);(13, 24, 5);(39, 28, 6);
Queue 5  (48, 16, 2);(31, 23, 7);(28, 27, 2);
Time: 29
Waiting clients: ( 35, 31, 5 ); ( 44, 32, 2 ); ( 2, 34, 4 ); ( 11, 34, 3 ); ( 46, 34, 3 ); ( 15, 35, 2 ); ( 23, 36, 7 ); ( 38, 36, 3 ); ( 4, 37, 7 ); ( 6, 37, 5 ); ( 43, 38, 3 ); ( 36, 39, 7 ); ( 26, 40, 1 ); 
Queue 1  (18, 27, 7);
Queue 2  (49, 26, 2);(7, 27, 5);
Queue 3  (14, 24, 6);(41, 29, 5);
Queue 4  (17, 20, 1);(13, 24, 5);(39, 28, 6);
Queue 5  (48, 16, 1);(31, 23, 7);(28, 27, 2);
Time: 30
Waiting clients: ( 35, 31, 5 ); ( 44, 32, 2 ); ( 2, 34, 4 ); ( 11, 34, 3 ); ( 46, 34, 3 ); ( 15, 35, 2 ); ( 23, 36, 7 ); ( 38, 36, 3 ); ( 4, 37, 7 ); ( 6, 37, 5 ); ( 43, 38, 3 ); ( 36, 39, 7 ); ( 26, 40, 1 ); 
Queue 1  (18, 27, 6);
Queue 2  (49, 26, 1);(7, 27, 5);
Queue 3  (14, 24, 5);(41, 29, 5);
Queue 4  (13, 24, 5);(39, 28, 6);
Queue 5  (31, 23, 7);(28, 27, 2);
Time: 31
Waiting clients: ( 44, 32, 2 ); ( 2, 34, 4 ); ( 11, 34, 3 ); ( 46, 34, 3 ); ( 15, 35, 2 ); ( 23, 36, 7 ); ( 38, 36, 3 ); ( 4, 37, 7 ); ( 6, 37, 5 ); ( 43, 38, 3 ); ( 36, 39, 7 ); ( 26, 40, 1 ); 
Queue 1  (18, 27, 5);
Queue 2  (7, 27, 5);(35, 31, 5);
Queue 3  (14, 24, 4);(41, 29, 5);
Queue 4  (13, 24, 4);(39, 28, 6);
Queue 5  (31, 23, 6);(28, 27, 2);
Time: 32
Waiting clients: ( 2, 34, 4 ); ( 11, 34, 3 ); ( 46, 34, 3 ); ( 15, 35, 2 ); ( 23, 36, 7 ); ( 38, 36, 3 ); ( 4, 37, 7 ); ( 6, 37, 5 ); ( 43, 38, 3 ); ( 36, 39, 7 ); ( 26, 40, 1 ); 
Queue 1  (18, 27, 4);(44, 32, 2);
Queue 2  (7, 27, 4);(35, 31, 5);
Queue 3  (14, 24, 3);(41, 29, 5);
Queue 4  (13, 24, 3);(39, 28, 6);
Queue 5  (31, 23, 5);(28, 27, 2);
Time: 33
Waiting clients: ( 2, 34, 4 ); ( 11, 34, 3 ); ( 46, 34, 3 ); ( 15, 35, 2 ); ( 23, 36, 7 ); ( 38, 36, 3 ); ( 4, 37, 7 ); ( 6, 37, 5 ); ( 43, 38, 3 ); ( 36, 39, 7 ); ( 26, 40, 1 ); 
Queue 1  (18, 27, 3);(44, 32, 2);
Queue 2  (7, 27, 3);(35, 31, 5);
Queue 3  (14, 24, 2);(41, 29, 5);
Queue 4  (13, 24, 2);(39, 28, 6);
Queue 5  (31, 23, 4);(28, 27, 2);
Time: 34
Waiting clients: ( 15, 35, 2 ); ( 23, 36, 7 ); ( 38, 36, 3 ); ( 4, 37, 7 ); ( 6, 37, 5 ); ( 43, 38, 3 ); ( 36, 39, 7 ); ( 26, 40, 1 ); 
Queue 1  (18, 27, 2);(44, 32, 2);
Queue 2  (7, 27, 2);(35, 31, 5);
Queue 3  (14, 24, 1);(41, 29, 5);(46, 34, 3);
Queue 4  (13, 24, 1);(39, 28, 6);(11, 34, 3);
Queue 5  (31, 23, 3);(28, 27, 2);(2, 34, 4);
Time: 35
Waiting clients: ( 23, 36, 7 ); ( 38, 36, 3 ); ( 4, 37, 7 ); ( 6, 37, 5 ); ( 43, 38, 3 ); ( 36, 39, 7 ); ( 26, 40, 1 ); 
Queue 1  (18, 27, 1);(44, 32, 2);
Queue 2  (7, 27, 1);(35, 31, 5);
Queue 3  (41, 29, 5);(46, 34, 3);
Queue 4  (39, 28, 6);(11, 34, 3);(15, 35, 2);
Queue 5  (31, 23, 2);(28, 27, 2);(2, 34, 4);
Time: 36
Waiting clients: ( 4, 37, 7 ); ( 6, 37, 5 ); ( 43, 38, 3 ); ( 36, 39, 7 ); ( 26, 40, 1 ); 
Queue 1  (44, 32, 2);(38, 36, 3);
Queue 2  (35, 31, 5);(23, 36, 7);
Queue 3  (41, 29, 4);(46, 34, 3);
Queue 4  (39, 28, 5);(11, 34, 3);(15, 35, 2);
Queue 5  (31, 23, 1);(28, 27, 2);(2, 34, 4);
Time: 37
Waiting clients: ( 43, 38, 3 ); ( 36, 39, 7 ); ( 26, 40, 1 ); 
Queue 1  (44, 32, 1);(38, 36, 3);
Queue 2  (35, 31, 4);(23, 36, 7);
Queue 3  (41, 29, 3);(46, 34, 3);(6, 37, 5);
Queue 4  (39, 28, 4);(11, 34, 3);(15, 35, 2);
Queue 5  (28, 27, 2);(2, 34, 4);(4, 37, 7);
Time: 38
Waiting clients: ( 36, 39, 7 ); ( 26, 40, 1 ); 
Queue 1  (38, 36, 3);(43, 38, 3);
Queue 2  (35, 31, 3);(23, 36, 7);
Queue 3  (41, 29, 2);(46, 34, 3);(6, 37, 5);
Queue 4  (39, 28, 3);(11, 34, 3);(15, 35, 2);
Queue 5  (28, 27, 1);(2, 34, 4);(4, 37, 7);
Time: 39
Waiting clients: ( 26, 40, 1 ); 
Queue 1  (38, 36, 2);(43, 38, 3);
Queue 2  (35, 31, 2);(23, 36, 7);
Queue 3  (41, 29, 1);(46, 34, 3);(6, 37, 5);
Queue 4  (39, 28, 2);(11, 34, 3);(15, 35, 2);
Queue 5  (2, 34, 4);(4, 37, 7);(36, 39, 7);
Time: 40
Waiting clients: 
Queue 1  (38, 36, 1);(43, 38, 3);
Queue 2  (35, 31, 1);(23, 36, 7);
Queue 3  (46, 34, 3);(6, 37, 5);(26, 40, 1);
Queue 4  (39, 28, 1);(11, 34, 3);(15, 35, 2);
Queue 5  (2, 34, 3);(4, 37, 7);(36, 39, 7);
Time: 41
Waiting clients: 
Queue 1  (43, 38, 3);
Queue 2  (23, 36, 7);
Queue 3  (46, 34, 2);(6, 37, 5);(26, 40, 1);
Queue 4  (11, 34, 3);(15, 35, 2);
Queue 5  (2, 34, 2);(4, 37, 7);(36, 39, 7);
Time: 42
Waiting clients: 
Queue 1  (43, 38, 2);
Queue 2  (23, 36, 6);
Queue 3  (46, 34, 1);(6, 37, 5);(26, 40, 1);
Queue 4  (11, 34, 2);(15, 35, 2);
Queue 5  (2, 34, 1);(4, 37, 7);(36, 39, 7);
Time: 43
Waiting clients: 
Queue 1  (43, 38, 1);
Queue 2  (23, 36, 5);
Queue 3  (6, 37, 5);(26, 40, 1);
Queue 4  (11, 34, 1);(15, 35, 2);
Queue 5  (4, 37, 7);(36, 39, 7);
Time: 44
Waiting clients: 
Queue 1 closed
Queue 2  (23, 36, 4);
Queue 3  (6, 37, 4);(26, 40, 1);
Queue 4  (15, 35, 2);
Queue 5  (4, 37, 6);(36, 39, 7);
Time: 45
Waiting clients: 
Queue 1 closed
Queue 2  (23, 36, 3);
Queue 3  (6, 37, 3);(26, 40, 1);
Queue 4  (15, 35, 1);
Queue 5  (4, 37, 5);(36, 39, 7);
Time: 46
Waiting clients: 
Queue 1 closed
Queue 2  (23, 36, 2);
Queue 3  (6, 37, 2);(26, 40, 1);
Queue 4 closed
Queue 5  (4, 37, 4);(36, 39, 7);
Time: 47
Waiting clients: 
Queue 1 closed
Queue 2  (23, 36, 1);
Queue 3  (6, 37, 1);(26, 40, 1);
Queue 4 closed
Queue 5  (4, 37, 3);(36, 39, 7);
Time: 48
Waiting clients: 
Queue 1 closed
Queue 2 closed
Queue 3  (26, 40, 1);
Queue 4 closed
Queue 5  (4, 37, 2);(36, 39, 7);
Time: 49
Waiting clients: 
Queue 1 closed
Queue 2 closed
Queue 3 closed
Queue 4 closed
Queue 5  (4, 37, 1);(36, 39, 7);
Time: 50
Waiting clients: 
Queue 1 closed
Queue 2 closed
Queue 3 closed
Queue 4 closed
Queue 5  (36, 39, 7);
Time: 51
Waiting clients: 
Queue 1 closed
Queue 2 closed
Queue 3 closed
Queue 4 closed
Queue 5  (36, 39, 6);
Time: 52
Waiting clients: 
Queue 1 closed
Queue 2 closed
Queue 3 closed
Queue 4 closed
Queue 5  (36, 39, 5);
Time: 53
Waiting clients: 
Queue 1 closed
Queue 2 closed
Queue 3 closed
Queue 4 closed
Queue 5  (36, 39, 4);
Time: 54
Waiting clients: 
Queue 1 closed
Queue 2 closed
Queue 3 closed
Queue 4 closed
Queue 5  (36, 39, 3);
Time: 55
Waiting clients: 
Queue 1 closed
Queue 2 closed
Queue 3 closed
Queue 4 closed
Queue 5  (36, 39, 2);
Time: 56
Waiting clients: 
Queue 1 closed
Queue 2 closed
Queue 3 closed
Queue 4 closed
Queue 5  (36, 39, 1);
Time: 57
Waiting clients: 
Queue 1 closed
Queue 2 closed
Queue 3 closed
Queue 4 closed
Queue 5 closed

 End of Simulation.
Average waiting time: 1.4
Average service time: 21.8
Peak hour: 37